Zn-EDTA
100 3 16 0 1 0 0
Zn
EDTA
H
25 1.7 12
0.1 0.5 1.25 0.084 0.126 0 -0.062 0 0 0 0 0 0 0 0
2 -4 1
-13.78   (0.1) 0 0 0 0  0 -1  0 0 0 0 0
-8.96    (0.1) 0 0 0 1  0 -1  0 0 0 0 0
-17.82   (0.1) 0 0 0 1  0 -2  0 0 0 0 0
-28.05   (0.1) 0 0 0 1  0 -3  0 0 0 0 0
-40.41   (0.1) 0 0 0 1  0 -4  0 0 0 0 0
-7.9     (0.0) 0 0 0 2  0 -1  0 0 0 0 0
-57.53   (0.0) 0 0 0 2  0 -6  0 0 0 0 0
10.15    (0.1) 0 0 0 0  1  1  0 0 0 0 0
16.30    (0.1) 0 0 0 0  1  2  0 0 0 0 0
19.02    (0.1) 0 0 0 0  1  3  0 0 0 0 0
21.04    (0.1) 0 0 0 0  1  4  0 0 0 0 0
22.39    (0.1) 0 0 0 0  1  5  0 0 0 0 0
22.46    (0.1) 0 0 0 0  1  6 -1 0 0 0 0
16.40    (0.1) 0 0 0 1  1  0  1 0 0 0 0
19.60    (0.1) 0 0 0 1  1  1  1 0 0 0 0
4.61     (0.1) 0 0 0 1  1 -1  1 0 0 0 0
Tit 1
1 0
0.001944 0 0
0.001988 0 1
0.028132 -0.2009 1
0.184 0.2009 0.092
50. 0.003
402.10 0.2 0.65 -89.55 59.13 0 0 0 0
0.0100 305.9 0
0.0150 305.9 0
0.0200 305.9 0
0.0250 305.8 0
0.1830 305.0 0
0.3390 304.2 0
0.5377 303.3 0
0.7387 302.3 0
0.9390 301.3 0
1.1382 300.2 0
1.3362 299.1 0
1.5352 298.0 0
1.7342 296.9 0
1.9317 295.6 0
2.1285 294.4 0
2.3255 293.2 0
2.5230 291.8 0
2.7182 290.4 0
2.9127 288.9 0
3.1070 287.4 0
3.3012 285.8 0
3.4937 284.0 0
3.6845 282.3 0
3.8757 280.5 0
4.0657 278.5 0
4.2535 276.3 0
4.4392 274.1 0
4.6250 271.7 0
4.8080 269.0 0
4.9880 266.0 0
5.1652 262.9 0
5.3397 259.6 0
5.5125 255.7 0
5.6790 251.4 0
5.8397 246.5 0
5.9940 241.1 0
6.1425 234.8 0
6.2810 227.7 0
6.4077 219.7 0
6.5227 210.8 0
6.6270 200.6 0
6.7132 189.3 0
6.7772 177.8 0
6.8227 166.4 0
6.8530 155.2 0
6.8697 146.6 0
6.8835 136.7 0
6.8930 127.9 0
6.9022 115.9 0
6.9090 105.4 0
6.9167 88.0 0
6.9222 69.3 0
6.9275 48.2 0
6.9330 20.4 0
6.9382 -19.7 0
6.9432 -84.4 0
6.9482 -108.8 0
6.9532 -121.6 0
6.9647 -141.6 0
6.9792 -157.7 0
6.9985 -175.7 0
7.0202 -187.8 0
7.0520 -200.0 0
7.0937 -211.0 0
7.1482 -220.7 0
7.2185 -229.9 0
7.3035 -237.7 0
7.4067 -244.7 0
7.5247 -251.0 0
7.6552 -256.5 0
7.7972 -261.2 0
7.9502 -265.4 0
8.1100 -269.6 0
8.2715 -273.0 0
8.4412 -276.0 0
8.6160 -278.7 0
8.7950 -281.3 0
8.9760 -283.7 0
9.1590 -285.8 0
9.3447 -287.7 0
9.5335 -289.6 0
9.7230 -291.4 0
9.9135 -293.0 0
10.1052 -294.5 0
10.2997 -295.9 0
10.4937 -297.2 0
10.6902 -298.4 0
10.8870 -299.7 0
11.0837 -300.9 1
Tit 3
1 0
0.002005 0 0
0.002047 0 1
0.028250 -0.2009 1
0.184 0.2009 0.092
50. 0.003
399.14 0.2 0.58 -14.94 59.16 0 0 0 0
0.0100 302.8 0
0.0150 302.9 0
0.0200 302.9 0
0.0250 302.8 0
0.1740 302.0 0
0.3165 301.5 0
0.5190 300.6 0
0.7197 299.6 0
0.9192 298.5 0
1.1180 297.6 0
1.3187 296.6 0
1.5180 295.4 0
1.7160 294.2 0
1.9132 293.1 0
2.1122 291.9 0
2.3097 290.6 0
2.5057 289.2 0
2.7007 288.0 0
2.8972 286.5 0
3.0920 285.0 0
3.2852 283.4 0
3.4777 281.8 0
3.6707 280.1 0
3.8617 278.1 0
4.0507 276.2 0
4.2390 274.2 0
4.4270 271.9 0
4.6120 269.4 0
4.7945 266.8 0
4.9752 264.1 0
5.1547 260.8 0
5.3280 257.5 0
5.5007 253.7 0
5.6677 249.4 0
5.8292 244.6 0
5.9847 239.4 0
6.1352 233.3 0
6.2750 226.3 0
6.4037 218.5 0
6.5212 209.7 0
6.6262 199.9 0
6.7172 188.6 0
6.7862 177.1 0
6.8360 165.1 0
6.8657 155.2 0
6.8875 144.9 0
6.9015 135.4 0
6.9112 127.2 0
6.9222 114.4 0
6.9292 103.6 0
6.9357 89.9 0
6.9415 72.1 0
6.9467 50.7 0
6.9520 26.7 0
6.9577 -7.8 0
6.9627 -78.8 0
6.9677 -113.7 0
6.9727 -127.0 0
6.9777 -136.7 0
6.9912 -155.8 0
7.0077 -171.3 0
7.0295 -185.3 0
7.0580 -197.7 0
7.0957 -209.3 0
7.1447 -219.5 0
7.2082 -228.8 0
7.2880 -237.0 0
7.3847 -244.5 0
7.4962 -251.2 0
7.6212 -256.9 0
7.7587 -262.0 0
7.9070 -266.5 0
8.0625 -270.6 0
8.2242 -274.1 0
8.3927 -277.3 0
8.5662 -280.2 0
8.7427 -282.9 0
8.9217 -285.3 0
9.1042 -287.4 0
9.2902 -289.5 0
9.4772 -291.4 0
9.6655 -293.3 0
9.8550 -294.8 0
10.0480 -296.5 0
10.2402 -297.9 0
10.4345 -299.2 0
10.6300 -300.6 1
